100
9108 0
2 3 0 8 0 7 0 0 5
8 0 7 0 6 0 0 3 0
5 6 4 0 3 1 7 0 0
3 0 5 7 0 9 6 0 0
0 0 0 3 0 5 9 8 7
7 8 9 0 2 6 5 0 3
6 5 0 0 4 2 8 0 0
1 0 2 9 0 8 0 5 0
0 7 0 0 0 3 0 4 1
4721 0
5 0 0 2 0 1 0 0 9
4 0 0 8 0 9 5 3 0
7 8 0 0 5 0 4 2 1
0 0 3 9 8 0 2 6 0
8 9 0 0 2 4 0 0 0
2 6 0 0 1 3 0 0 7
9 7 0 4 0 0 3 0 2
0 4 5 0 3 0 9 7 0
0 1 2 7 9 0 6 4 5
5467 3
0 0 0 0 0 0 4 0 0
0 8 0 0 2 6 3 0 0
0 2 0 3 0 5 0 9 0
5 0 4 2 0 0 0 0 9
0 0 1 0 0 7 0 4 6
0 0 0 5 6 0 0 0 0
0 0 0 0 0 0 9 0 7
9 0 8 0 5 0 1 0 0
0 0 0 9 7 0 6 3 0
4956 3
0 0 0 0 4 5 8 0 0
0 7 8 0 0 0 0 6 0
6 0 0 9 0 0 2 0 0
8 0 7 0 0 0 0 0 0
0 0 0 0 9 0 3 0 5
0 0 0 2 0 0 0 0 9
0 3 0 0 8 9 0 4 0
0 2 1 5 0 6 0 0 0
7 0 0 0 0 1 0 0 3
8023 2
0 0 0 0 5 0 0 7 0
0 0 0 7 0 8 6 0 0
0 0 7 0 0 0 0 3 1
1 3 0 0 0 0 4 5 0
7 0 8 0 4 0 0 0 3
0 0 0 2 1 0 0 0 9
3 5 6 0 0 0 0 0 0
0 4 1 9 8 7 0 0 0
0 0 0 6 0 5 2 1 4
2435 1
0 0 7 6 0 3 1 0 0
3 0 0 1 4 0 9 0 0
2 0 0 0 0 0 6 3 5
0 5 6 0 3 0 0 7 0
0 8 0 5 0 0 0 0 3
0 0 0 0 9 7 0 4 6
9 0 8 0 0 0 3 0 1
0 3 1 7 0 9 0 0 0
0 4 0 0 0 5 0 9 8
7665 1
8 0 9 0 5 0 0 0 1
0 0 0 9 0 0 0 5 4
5 0 6 0 2 1 0 0 7
7 0 0 0 4 6 0 0 5
0 0 0 8 7 0 2 0 6
0 6 2 0 3 5 0 0 0
0 0 5 4 0 0 0 9 8
0 8 7 5 0 3 0 1 0
1 2 0 0 0 0 5 0 0
1407 3
0 0 1 0 0 0 9 0 7
3 5 0 0 7 0 0 0 0
0 0 9 0 0 2 0 0 0
0 0 0 5 0 0 0 7 0
7 0 0 0 3 0 0 0 6
4 6 0 0 0 0 2 1 0
0 0 0 0 0 0 0 6 2
0 0 0 0 8 9 3 0 0
5 1 3 4 0 0 0 0 0
6898 3
0 6 0 0 0 5 0 0 7
0 0 0 0 2 6 0 1 3
1 0 3 0 0 0 0 0 4
0 8 9 6 0 0 2 4 0
4 2 0 9 0 0 0 5 0
5 0 6 1 0 0 0 0 9
9 7 8 0 0 0 0 0 0
0 0 2 8 0 7 4 6 0
0 0 0 2 0 1 7 0 0
5634 1
2 0 0 6 0 5 0 0 0
8 0 9 1 2 0 0 0 0
0 0 0 9 8 0 4 2 1
4 6 0 8 7 0 0 0 2
7 9 8 0 0 3 6 4 0
0 3 0 0 0 6 9 7 0
0 1 3 4 0 0 0 0 7
0 0 4 7 9 0 0 5 0
0 8 0 0 5 0 2 6 4
8479 0
9 8 7 4 5 0 0 0 0
6 0 4 0 0 3 0 8 7
0 2 0 7 0 9 6 0 0
0 6 3 2 1 0 7 0 8
7 0 8 0 6 5 0 1 2
4 0 2 0 9 7 5 6 0
0 7 0 0 0 2 1 3 5
1 0 0 9 0 0 2 0 6
2 4 0 5 0 0 0 7 9
6803 2
0 1 3 0 0 5 0 0 0
0 0 6 0 0 8 1 0 0
8 0 0 0 3 2 4 5 0
0 0 0 3 5 0 0 9 7
6 3 5 0 7 0 0 0 0
0 0 0 2 4 0 0 0 5
7 9 0 5 1 0 0 4 0
0 6 2 9 0 0 0 3 0
0 0 0 0 0 4 9 0 8
1849 3
0 9 7 0 0 0 0 0 0
0 0 0 0 8 7 0 5 0
1 0 3 6 0 0 0 0 0
0 0 0 0 0 2 6 4 0
0 0 5 7 9 8 0 0 0
3 0 0 0 6 5 9 0 8
5 3 0 0 0 0 0 2 1
4 0 1 3 5 0 0 0 9
0 8 0 2 0 0 0 0 0
270 3
0 8 0 0 0 0 0 0 0
4 2 6 8 9 0 0 0 0
0 0 0 0 0 0 9 7 8
0 0 0 3 1 0 4 0 0
0 0 0 0 4 0 7 8 0
5 6 0 0 0 0 1 0 0
1 0 0 0 3 6 0 0 0
0 0 3 0 0 9 0 0 4
9 7 8 0 0 0 0 0 5
5453 2
1 0 2 0 0 0 0 9 0
0 0 0 0 8 7 0 0 0
0 0 0 3 0 0 0 6 5
0 0 6 0 9 0 2 4 0
0 0 0 0 6 0 8 7 9
8 7 9 4 1 0 0 0 0
0 8 0 0 0 5 0 0 4
5 1 0 0 4 6 0 0 0
6 0 0 8 0 9 5 0 3
3761 2
0 5 6 0 7 0 0 0 0
0 0 0 0 4 6 0 0 0
0 0 9 2 0 0 0 0 4
6 0 0 0 0 8 0 0 5
5 0 0 4 0 2 8 0 9
9 7 0 0 0 1 0 4 6
8 9 0 0 2 0 5 0 0
0 1 4 0 0 0 7 9 0
0 0 0 9 8 7 0 1 0
5431 0
3 5 0 4 1 0 0 9 8
0 7 0 0 6 3 4 0 2
0 0 1 0 0 0 5 6 3
0 1 0 8 7 9 0 4 0
9 8 7 0 0 6 1 0 5
0 2 4 1 0 0 0 0 0
4 0 5 0 0 0 9 8 7
1 3 0 9 8 7 0 5 4
7 0 0 6 5 4 0 2 0
8886 0
9 0 0 1 0 2 4 6 0
0 5 4 7 9 0 1 0 0
3 2 0 4 0 5 0 9 8
8 0 0 0 1 0 6 2 4
0 3 0 6 0 0 9 8 0
0 0 0 9 8 7 5 1 0
0 9 8 2 4 1 0 5 6
5 6 0 0 0 0 0 4 1
4 0 2 0 5 6 8 0 0
7399 1
0 0 0 5 1 3 0 0 0
0 4 0 0 8 0 5 0 0
1 0 5 0 0 0 9 7 8
0 0 7 1 0 2 0 0 6
3 2 1 0 6 0 0 0 0
6 0 0 0 9 8 1 0 3
7 9 0 0 0 1 0 6 0
0 6 3 8 0 0 0 0 4
0 0 0 3 5 6 8 9 0
7266 0
0 3 1 7 8 9 0 0 2
9 7 8 0 0 0 5 3 0
0 0 2 3 1 0 0 7 8
7 0 0 0 6 4 0 2 3
4 5 0 2 0 0 7 0 9
0 2 0 0 0 7 4 5 6
8 0 7 6 0 3 2 1 0
3 0 0 1 4 2 0 0 7
2 0 4 0 7 8 3 6 0
4179 1
0 2 0 0 4 6 8 0 0
9 8 7 0 0 0 0 0 0
6 0 4 0 0 0 2 0 1
8 0 0 0 5 1 4 0 6
1 3 0 0 0 0 0 0 9
0 0 0 7 9 8 0 1 5
0 6 3 9 0 7 0 0 2
0 9 0 1 2 4 6 5 0
4 0 2 6 0 0 0 7 0
6299 2
0 0 0 2 6 4 0 0 0
0 0 0 8 0 0 5 1 0
7 8 9 0 0 0 0 2 4
0 3 1 0 4 5 0 0 8
0 0 4 0 0 0 1 3 2
0 9 0 0 1 2 4 0 5
9 0 0 0 0 0 3 5 0
6 0 3 0 8 9 0 0 0
1 0 0 5 0 6 0 7 0
8922 2
0 0 0 9 0 0 0 0 1
0 0 0 6 4 0 9 0 8
9 7 8 0 0 0 0 0 0
0 0 7 0 0 0 0 6 0
2 1 0 0 0 5 0 0 0
0 0 5 8 0 0 0 1 4
0 0 0 0 0 0 7 0 9
0 0 0 1 2 3 0 5 0
4 5 0 0 8 0 0 0 0
8851 1
0 0 7 0 3 0 0 1 2
0 0 5 0 2 4 0 0 8
0 0 4 9 8 0 0 0 0
0 4 0 2 0 0 9 0 7
8 0 0 5 0 0 3 0 0
0 1 0 0 7 9 6 5 0
3 0 0 0 0 0 2 4 0
0 6 2 3 0 1 0 0 0
7 9 0 0 6 2 0 3 0
414 2
0 3 6 7 0 0 0 0 1
0 0 9 0 0 2 3 0 6
0 2 0 5 6 0 0 7 0
3 1 2 0 0 0 0 0 0
0 0 0 9 8 7 0 0 0
0 7 0 0 2 0 4 6 0
8 0 0 0 3 0 6 0 0
0 0 4 0 7 9 0 1 0
1 0 3 0 4 6 9 0 0
3979 0
0 0 0 1 0 3 7 9 8
0 5 1 8 9 7 4 0 0
0 9 8 2 0 4 3 5 0
5 4 0 3 1 0 8 7 9
2 1 0 0 0 0 0 0 6
0 7 0 0 4 5 0 1 3
9 0 0 5 0 6 0 2 0
1 0 4 7 8 0 0 3 0
6 3 0 0 0 1 9 0 7
6737 3
7 0 9 0 0 0 0 4 0
4 5 0 8 0 0 0 0 3
0 0 0 5 0 0 8 0 0
0 9 0 0 0 2 0 3 5
0 1 0 0 5 3 0 0 0
0 0 0 0 7 0 1 2 0
0 4 0 0 8 9 0 0 0
0 0 1 4 0 0 7 9 0
0 0 0 0 0 5 4 0 0
3040 0
0 7 9 1 2 0 0 6 0
2 0 0 6 3 0 7 9 8
3 5 0 9 0 7 0 0 2
0 0 3 0 6 2 8 7 0
9 0 7 3 0 1 2 0 0
0 2 4 0 0 8 1 0 5
0 0 0 0 4 6 9 8 7
4 0 5 0 7 0 3 0 0
7 9 0 2 1 3 0 0 4
9101 1
0 2 0 0 0 5 0 9 0
0 0 0 0 0 2 4 6 0
0 5 0 9 7 8 0 0 0
8 0 7 0 0 0 3 0 6
0 1 4 5 3 0 8 0 0
0 0 0 7 0 9 2 4 0
0 0 8 1 5 0 6 0 0
5 3 0 2 6 0 0 0 7
6 0 0 0 9 0 0 1 3
3190 3
0 0 0 0 4 6 9 0 0
0 0 0 0 0 0 3 0 2
0 7 8 0 1 0 0 0 0
0 0 1 0 0 0 0 0 0
0 8 0 0 0 0 5 3 0
0 3 6 9 0 7 4 0 0
8 0 0 0 0 0 0 0 0
2 0 0 0 9 0 0 0 3
0 0 0 4 6 2 0 9 7
2483 2
5 3 0 0 0 0 0 1 2
0 0 0 0 5 0 0 9 8
0 0 9 0 4 2 0 0 0
6 0 0 8 0 7 3 0 0
0 0 8 2 3 0 6 0 4
0 1 2 0 0 0 9 0 0
8 0 0 0 0 0 0 4 6
2 0 0 7 0 9 0 0 0
1 0 0 4 2 0 0 0 0
2106 1
2 3 1 0 0 0 0 0 4
5 0 0 3 0 0 8 9 0
0 0 7 0 4 5 0 0 1
9 7 0 0 3 0 1 0 0
0 5 3 4 0 1 0 0 8
0 0 0 0 8 9 6 5 3
0 0 6 0 0 0 7 8 0
0 0 0 2 6 4 0 0 5
3 0 5 8 9 0 0 2 0
8235 1
0 8 0 1 3 5 0 0 0
3 1 0 2 0 0 0 9 0
4 2 0 0 0 9 3 5 0
9 0 8 4 1 0 0 0 5
6 0 0 0 9 0 0 0 4
0 0 2 5 0 3 0 0 7
0 0 4 9 8 7 2 0 0
0 3 0 0 0 4 8 7 9
8 9 7 0 0 0 0 4 0
2433 3
0 6 0 0 8 0 0 0 0
0 0 3 0 2 0 8 7 0
0 9 7 5 0 0 0 0 0
0 3 0 0 0 9 4 0 0
0 0 9 0 0 1 0 0 0
4 0 0 0 0 6 7 0 8
6 0 0 7 0 0 0 0 1
0 0 2 0 6 0 0 0 7
9 0 0 1 0 0 0 5 0
3159 0
0 1 2 0 8 9 0 6 4
0 0 0 4 0 6 2 0 1
6 0 0 1 2 0 8 9 0
0 2 0 0 0 7 6 0 3
0 8 9 0 0 5 1 0 0
5 3 6 2 1 0 0 7 0
8 9 0 0 4 2 0 1 5
0 5 3 9 7 0 0 2 0
0 0 4 5 3 0 7 8 9
4105 0
0 7 9 5 0 6 4 2 0
2 4 0 7 8 0 5 0 6
0 5 0 0 0 1 0 8 0
4 0 0 3 1 2 9 0 0
7 0 8 0 4 5 0 1 0
1 0 0 0 0 0 6 4 5
5 0 3 8 9 7 2 0 4
9 8 7 2 0 0 0 5 3
0 2 4 0 5 0 0 0 7
5732 2
0 7 0 0 0 0 0 6 4
0 0 0 0 8 7 1 5 0
1 3 5 0 0 0 8 0 0
0 0 1 0 6 5 0 0 0
0 0 0 7 0 0 3 1 2
0 8 7 0 0 2 6 0 0
4 0 0 3 5 6 0 8 9
5 6 3 0 0 0 4 0 0
0 0 0 2 4 0 5 0 0
6234 3
0 0 0 0 9 7 4 0 2
0 0 0 0 0 5 0 0 0
0 8 9 0 1 0 5 0 0
0 0 4 9 0 0 0 0 0
0 0 0 6 0 2 0 7 9
8 0 0 0 0 0 0 0 6
0 0 0 1 2 3 0 0 0
0 1 0 0 0 0 0 8 7
6 0 0 0 0 0 0 0 0
1780 1
0 2 1 8 0 0 0 4 0
9 0 7 0 0 0 0 1 2
0 0 0 2 0 3 0 0 0
0 9 0 0 3 5 4 2 0
5 6 0 0 0 4 0 8 0
4 1 0 9 8 0 5 3 0
1 0 5 0 0 0 2 0 4
0 0 6 3 5 0 8 0 7
8 0 0 0 6 2 0 0 0
4274 3
0 8 0 0 5 0 0 0 0
0 0 0 0 6 4 0 0 7
0 0 6 0 0 0 0 1 3
0 0 0 7 0 9 0 4 0
1 0 0 0 0 0 8 0 0
0 7 8 0 2 1 0 5 0
0 6 0 9 0 0 1 0 2
0 3 0 6 4 0 0 0 0
8 0 0 3 0 0 0 6 0
6583 1
0 0 2 0 6 0 8 0 0
7 0 8 2 3 0 0 6 4
4 0 5 0 9 0 2 0 0
0 8 0 3 0 5 4 0 0
5 1 3 0 0 0 7 8 0
0 0 0 7 0 9 0 1 5
2 4 0 6 0 3 0 0 8
0 0 9 0 4 0 0 5 3
0 0 0 0 7 8 1 4 0
3716 0
0 0 2 5 0 3 0 7 9
5 0 1 9 8 7 2 0 0
9 7 0 0 0 4 1 0 5
3 6 5 2 0 1 7 0 0
2 0 0 0 0 9 5 0 3
0 0 7 3 0 0 4 1 2
0 5 6 0 0 2 0 8 7
7 8 9 4 6 0 0 0 0
0 2 0 7 9 0 0 5 4
3646 0
7 9 0 3 2 1 4 6 0
1 0 2 6 0 4 7 0 8
0 0 5 0 8 0 0 0 2
5 0 3 0 0 0 0 8 7
6 0 4 0 7 9 0 1 3
9 8 0 1 3 0 6 0 4
0 4 0 0 6 0 8 0 0
0 0 6 7 9 8 2 0 0
8 0 9 4 1 0 3 5 0
9670 1
8 7 0 6 0 0 0 1 2
2 4 0 9 0 7 0 0 0
0 0 6 1 0 4 0 9 8
7 0 0 0 0 6 3 2 1
0 3 0 8 0 9 6 0 4
0 6 5 0 1 0 9 0 0
9 8 7 4 6 0 0 3 0
0 1 0 0 9 0 2 4 6
6 0 4 0 5 1 0 0 0
2420 1
6 4 5 0 0 0 0 0 0
9 7 8 0 0 4 0 0 0
0 0 0 0 8 7 6 5 0
4 2 0 0 9 0 0 6 3
5 0 0 0 0 2 7 9 0
0 0 0 5 6 3 0 0 2
0 5 3 8 7 0 2 0 6
0 0 7 2 0 0 1 3 5
0 6 0 1 3 5 8 7 0
2690 3
2 0 0 0 0 0 0 0 0
0 0 0 7 9 0 2 0 0
8 7 0 4 0 0 0 6 0
7 0 0 0 2 0 0 0 0
0 6 0 0 0 0 0 2 0
0 3 0 6 0 4 0 8 0
0 0 7 0 3 5 0 0 0
0 0 0 0 0 9 5 0 1
0 1 3 0 0 0 9 0 8
693 3
0 0 4 0 7 0 0 0 3
8 0 0 2 0 0 5 4 0
0 3 0 5 0 0 0 0 9
0 0 0 0 0 0 0 0 8
7 0 9 3 0 1 0 0 0
0 0 6 7 9 0 0 0 0
0 0 0 0 0 4 0 3 0
1 0 0 0 0 0 9 0 0
6 5 0 0 8 7 1 0 0
8324 3
0 9 0 0 0 0 0 0 2
0 0 0 0 0 7 0 0 1
3 0 1 0 6 0 0 0 8
0 0 4 5 3 0 9 0 0
9 0 0 4 2 0 6 0 0
6 3 5 0 0 0 0 0 0
0 0 0 9 0 8 0 1 0
0 1 3 0 4 0 0 0 0
0 7 0 0 0 0 5 0 0
4073 3
0 3 2 0 0 0 0 0 6
0 0 0 0 0 2 8 7 0
0 9 0 4 0 0 0 1 0
0 5 0 0 0 0 9 0 0
0 4 0 0 0 9 0 3 0
8 0 0 0 5 6 0 0 0
0 0 0 0 8 0 0 0 0
0 0 4 5 1 0 0 0 0
9 0 7 0 0 0 3 0 1
2896 1
8 9 7 0 0 2 0 0 0
2 0 0 0 0 5 0 0 0
0 6 0 0 0 8 1 3 2
0 0 0 6 2 4 9 0 0
7 0 9 0 1 0 6 0 0
0 2 6 9 0 0 0 0 3
9 7 0 0 0 0 0 5 6
0 0 3 8 0 9 0 4 0
0 0 0 3 5 0 0 7 9
6462 1
8 0 0 0 0 0 0 0 1
0 0 4 0 2 3 9 0 0
0 0 1 0 0 9 0 5 0
6 5 3 0 0 0 0 0 8
9 0 8 3 6 0 0 0 2
0 0 0 8 0 7 5 6 3
0 2 0 5 3 0 0 7 0
0 1 0 0 7 0 2 4 6
0 8 9 6 0 2 0 0 0
3270 1
2 6 4 0 0 0 0 0 0
0 0 3 8 9 0 0 0 0
0 0 7 0 0 0 1 5 3
0 8 0 0 3 6 4 0 0
5 0 0 4 2 1 0 0 9
4 2 0 0 0 0 5 3 0
0 4 0 3 1 2 0 7 0
3 0 0 0 7 0 0 4 5
0 0 8 6 0 0 0 0 2
2805 3
7 0 9 0 1 0 0 0 0
0 0 0 0 6 0 0 0 8
0 0 6 0 0 8 4 0 2
0 6 0 8 7 0 0 0 0
0 0 0 0 0 0 2 4 0
0 0 0 0 0 6 0 7 9
9 7 0 0 0 1 0 5 0
0 0 0 9 8 7 3 0 0
3 0 2 0 0 0 9 0 7
3752 2
3 6 0 0 2 0 0 0 0
0 0 0 6 3 5 1 0 0
0 0 4 0 8 0 0 5 0
0 8 0 0 4 0 0 0 0
0 2 0 8 0 9 0 0 4
0 0 6 0 0 0 8 9 7
5 0 0 0 0 0 0 0 0
9 0 0 4 0 2 0 1 5
0 0 0 0 0 1 7 0 9
5338 3
0 6 0 9 8 0 1 0 0
7 9 0 0 0 0 4 0 0
0 0 2 0 0 0 7 8 0
2 0 0 5 6 3 0 0 0
0 7 0 0 1 2 0 0 5
3 5 6 0 0 0 0 0 4
9 0 0 1 3 5 0 0 0
0 0 4 8 0 0 0 0 0
5 1 0 0 0 0 0 0 8
831 3
0 0 0 0 2 4 0 5 0
0 0 4 0 0 0 0 9 0
1 0 3 9 0 0 0 6 0
6 0 0 0 0 0 9 0 8
0 0 0 7 0 8 6 0 0
0 7 8 4 0 0 0 0 2
7 0 0 0 5 0 0 0 0
0 2 0 0 0 0 0 3 6
0 0 0 2 4 1 0 0 0
229 3
0 0 0 0 0 4 0 9 0
8 0 9 0 0 5 0 0 0
0 4 1 0 0 0 3 6 0
0 0 0 0 7 0 0 4 2
6 0 0 5 0 1 0 0 0
9 0 0 0 4 0 0 0 0
7 0 0 0 5 0 1 0 0
0 6 0 1 0 0 7 8 0
0 3 0 7 0 9 4 0 0
1726 3
0 0 0 0 2 0 7 9 0
0 4 0 9 0 0 0 6 0
8 0 0 0 0 0 0 0 2
6 2 0 0 5 0 0 0 0
0 0 0 7 9 0 0 0 0
0 0 7 4 0 0 1 0 5
0 0 5 0 0 3 0 8 7
0 3 2 0 0 0 0 0 0
0 0 0 0 4 6 0 0 0
4890 1
0 5 0 2 0 4 8 0 0
0 9 0 0 5 0 2 6 4
2 6 0 0 0 7 0 5 0
0 2 0 5 0 0 0 0 9
5 0 6 0 8 0 0 2 1
7 0 9 4 2 0 5 0 6
9 0 0 3 0 2 0 4 0
6 4 0 9 0 0 0 1 2
3 0 0 6 0 5 0 7 0
1330 3
0 0 0 0 6 2 9 0 0
0 0 0 0 0 0 0 0 3
8 0 7 0 5 0 0 0 0
0 0 9 0 0 0 0 5 0
4 2 0 6 0 0 0 0 0
0 0 0 0 8 0 0 4 0
0 1 0 5 0 0 0 0 8
0 7 0 2 0 3 0 0 0
0 0 5 0 0 9 1 3 0
7704 3
0 0 6 1 0 0 0 0 0
0 0 0 0 0 0 5 3 0
3 0 5 0 0 0 0 4 2
0 3 0 0 0 8 0 0 6
8 0 0 6 4 5 0 0 0
0 6 0 3 0 0 7 0 0
6 0 0 0 0 1 8 9 0
9 7 0 0 0 0 0 1 0
0 0 2 0 8 9 0 0 5
3947 3
0 4 0 0 3 0 0 7 0
6 0 0 9 0 0 0 4 0
0 0 8 1 0 0 0 0 0
0 0 0 0 0 0 9 0 7
0 2 0 0 0 0 5 0 0
0 0 0 3 5 1 0 0 0
0 0 0 0 7 0 0 3 2
0 9 0 0 0 0 4 6 0
2 3 0 0 4 6 0 0 8
2615 3
0 0 9 3 0 0 4 0 1
5 0 6 0 0 0 7 0 0
0 0 0 8 0 0 0 3 0
0 0 0 4 5 0 3 0 0
6 0 0 0 2 0 0 0 8
0 1 0 0 0 0 0 0 5
0 0 0 5 0 1 0 0 0
1 0 0 0 7 0 2 6 0
8 0 0 0 0 0 0 5 3
3131 3
0 0 0 1 0 0 9 0 8
7 9 0 0 0 5 3 0 0
0 0 0 0 0 0 0 0 0
0 0 4 0 0 0 0 0 0
0 0 0 9 0 0 2 0 4
0 8 7 0 2 0 0 5 0
3 5 0 0 0 0 7 0 0
0 0 0 0 5 6 0 0 1
0 4 1 8 7 0 0 0 6
6626 0
6 3 5 0 1 2 9 0 0
1 0 0 7 0 8 0 3 5
9 8 0 0 0 3 0 0 4
7 9 8 2 0 6 3 0 0
0 0 2 1 0 0 7 9 0
3 0 0 8 7 9 0 6 2
0 1 0 9 8 7 5 0 6
0 4 6 3 0 0 0 7 0
0 0 0 6 5 0 2 1 3
4515 2
0 0 0 0 2 4 9 0 7
4 0 0 0 8 7 0 0 0
7 9 0 0 1 0 6 2 0
6 3 0 8 0 0 2 0 0
0 2 4 3 0 0 8 0 9
0 0 7 2 4 1 0 0 6
2 0 3 4 0 5 0 9 0
5 0 6 0 0 0 1 3 2
0 7 0 0 3 2 0 6 0
9602 2
8 7 9 0 0 0 0 6 0
0 0 6 0 0 7 2 0 0
0 0 3 0 5 4 8 0 0
0 0 0 0 0 0 0 4 0
0 0 0 0 1 2 0 0 0
1 0 0 5 6 0 0 0 8
4 0 2 8 0 9 0 0 5
7 9 0 1 0 5 0 0 0
3 5 0 2 0 0 7 8 0
9086 3
0 0 2 0 0 0 1 0 0
0 5 0 0 4 6 0 0 7
7 0 8 0 0 5 0 0 0
0 1 0 6 0 0 0 0 0
0 0 0 9 0 0 0 1 2
8 7 0 3 0 0 6 0 0
1 0 0 0 0 0 7 8 0
0 0 0 0 0 2 0 3 0
0 0 5 0 9 8 0 0 0
2926 3
0 8 0 0 0 0 0 0 0
0 0 0 6 5 0 8 0 9
0 3 0 9 0 0 0 4 1
9 0 0 0 3 1 0 0 5
0 0 2 0 6 0 7 0 0
6 4 0 0 0 7 1 3 0
0 0 7 0 0 0 6 0 4
0 0 0 0 0 0 0 8 0
2 0 4 0 8 9 0 1 0
7875 1
0 0 0 1 2 0 0 4 0
0 0 0 0 8 0 3 1 0
0 0 2 0 0 6 0 7 0
2 6 0 0 0 8 0 0 3
1 0 0 6 0 0 0 0 7
8 0 0 5 3 0 2 0 0
0 0 9 2 0 0 5 0 6
0 3 6 0 9 7 0 0 0
4 2 0 0 0 0 0 8 0
4474 2
0 5 0 0 9 7 0 0 0
0 8 9 0 0 0 0 5 4
0 2 0 0 6 4 9 8 0
8 9 0 1 0 0 5 0 0
0 1 0 0 0 3 0 9 0
3 0 0 0 7 0 4 1 0
0 0 1 4 0 6 0 0 0
9 0 8 3 0 0 2 0 6
6 0 2 0 8 0 0 3 5
1457 1
3 0 1 0 0 7 0 4 6
0 0 8 0 2 4 0 3 5
0 6 0 5 0 3 0 7 0
9 0 0 0 5 6 0 0 2
0 0 5 2 4 0 7 0 8
1 0 0 0 0 0 5 0 3
8 7 0 4 0 0 3 0 0
0 1 0 7 9 0 0 5 0
0 0 0 1 0 0 9 8 0
1815 0
2 0 1 0 0 0 0 5 0
0 6 4 3 0 2 7 0 9
0 9 0 6 4 5 1 2 3
7 0 9 2 6 4 0 0 1
4 0 0 0 0 3 9 0 8
3 1 5 8 0 0 6 4 0
0 0 8 0 0 6 0 0 4
0 5 3 0 2 1 0 0 7
0 4 0 7 0 9 3 6 5
7518 0
0 1 0 0 6 4 0 7 0
0 8 7 1 0 3 0 4 6
6 2 4 0 0 7 0 0 5
1 3 2 6 0 5 0 0 7
7 0 0 0 0 2 6 0 4
4 0 5 9 0 0 3 0 0
3 0 0 0 8 9 4 0 2
2 0 1 5 3 6 0 9 0
0 7 9 0 2 0 5 6 3
5368 2
0 8 0 0 0 0 4 0 6
0 2 0 7 0 8 3 0 0
0 1 0 0 6 2 0 0 9
0 0 0 0 0 0 2 0 0
1 3 0 5 4 0 0 0 0
7 0 0 0 1 0 0 6 0
0 0 1 6 0 0 0 7 0
0 0 0 0 0 4 0 5 3
3 0 6 9 0 0 0 0 2
1764 2
0 0 0 0 0 0 2 6 4
4 6 0 0 0 9 1 0 0
0 0 0 2 0 0 0 0 7
8 7 0 0 2 0 0 4 0
0 4 0 9 0 0 3 1 2
0 1 0 6 5 4 9 0 0
0 0 7 0 0 0 5 3 6
6 0 5 7 9 8 0 0 0
1 0 4 0 0 3 0 8 0
1200 1
0 0 0 1 4 2 0 0 0
0 8 9 0 5 0 0 1 0
4 0 1 0 7 0 5 6 3
0 0 4 0 1 0 8 7 0
0 0 7 0 0 6 1 3 5
0 5 3 0 0 9 0 4 0
9 7 0 5 0 0 0 0 1
3 1 0 8 0 0 6 5 4
6 0 0 2 3 0 0 0 7
4034 2
6 4 5 0 0 0 8 9 0
9 0 0 6 0 4 2 0 1
0 1 0 9 8 7 5 0 4
0 0 9 0 0 0 0 4 2
0 0 0 7 9 8 0 0 3
0 0 6 0 1 0 0 0 8
0 6 4 1 3 5 0 8 0
8 9 0 0 4 6 3 1 0
1 0 3 8 0 0 4 0 0
653 2
0 2 3 0 0 0 0 4 0
0 0 6 1 3 2 0 0 0
0 0 0 0 0 5 2 0 0
8 0 0 0 5 0 1 0 4
3 6 0 0 4 0 0 0 7
2 1 0 8 0 0 6 0 0
0 3 0 0 0 7 0 0 2
0 0 2 5 0 3 7 0 8
9 0 8 0 0 4 0 5 0
7083 2
0 0 0 0 1 3 9 0 7
8 0 9 0 0 4 0 0 0
1 0 5 0 8 0 6 0 0
0 9 0 3 0 6 0 4 0
4 1 2 0 0 0 0 5 6
0 6 0 2 4 0 8 7 0
3 0 1 0 9 8 0 0 5
9 0 0 4 0 0 0 0 2
0 0 0 0 0 0 0 0 0
5136 2
0 0 0 7 8 9 1 0 0
3 0 2 0 0 0 7 0 9
0 0 8 0 0 0 0 0 0
0 0 0 0 1 0 3 6 5
4 2 1 0 6 0 0 0 0
5 0 0 0 9 0 0 1 4
8 9 7 0 0 1 0 0 0
0 6 4 0 0 0 0 3 1
0 0 0 6 0 2 0 7 0
8651 3
0 0 5 0 9 0 0 1 0
8 0 0 0 1 0 0 0 0
0 1 4 3 0 5 0 0 0
5 0 0 6 0 2 8 0 0
0 0 0 0 0 1 0 4 6
0 4 0 0 0 0 1 3 0
0 0 9 0 0 0 0 5 4
0 0 3 0 0 0 9 0 7
0 0 0 7 8 0 0 0 0
6499 2
0 0 0 5 0 0 0 7 9
4 0 5 8 0 9 0 0 3
7 0 8 0 0 3 0 0 6
0 7 9 0 2 0 0 0 0
0 0 1 0 0 5 9 8 0
0 0 6 0 8 7 0 2 0
0 0 0 3 5 0 4 0 0
6 2 0 0 9 0 0 5 1
5 1 0 4 0 2 7 9 0
4183 1
1 2 4 0 0 0 0 0 0
0 0 0 4 1 0 5 6 0
0 3 5 0 0 0 4 1 2
8 7 0 0 2 0 6 0 0
0 0 0 6 5 0 9 0 7
0 4 0 9 0 7 0 0 0
3 0 1 0 0 6 0 7 9
0 0 0 8 0 9 1 3 0
7 0 8 0 0 5 0 4 0
5270 1
0 0 3 0 9 0 4 2 0
0 0 7 2 6 0 3 1 0
0 6 4 1 0 3 7 0 0
0 0 0 0 2 1 9 7 8
4 2 1 7 0 9 6 0 3
7 0 9 5 3 6 0 0 0
9 7 0 6 0 5 2 3 0
6 4 5 0 0 2 0 9 0
3 1 0 0 7 0 0 6 4
110 3
0 0 8 0 0 4 0 2 0
0 0 0 0 9 7 0 0 0
6 0 0 0 0 0 0 8 7
8 9 0 4 0 0 0 3 0
0 0 0 0 0 0 0 4 6
2 0 0 0 0 0 8 0 0
0 2 0 0 0 8 5 0 0
0 3 6 1 0 0 7 0 0
0 0 0 6 5 0 4 0 0
4889 1
0 0 7 0 0 0 0 6 0
0 0 5 0 0 0 2 0 4
1 2 0 6 3 5 0 0 0
0 0 0 4 0 0 9 7 8
0 9 0 0 0 1 0 4 0
4 6 0 0 0 8 5 0 0
5 4 0 0 7 0 0 0 3
8 0 0 2 1 0 0 0 6
0 0 3 0 4 0 7 8 9
6806 1
0 0 0 0 3 0 2 0 4
2 0 0 0 7 8 0 5 0
1 0 0 6 0 0 0 9 7
0 6 0 8 9 7 4 0 0
0 9 0 2 0 4 5 0 6
0 1 2 0 0 5 7 0 9
9 0 7 1 2 0 0 0 0
0 5 4 0 0 9 3 0 2
3 0 0 0 5 0 0 7 8
7843 2
9 0 8 0 0 0 0 0 4
0 0 2 8 0 9 0 0 0
0 3 0 2 0 6 9 8 0
4 0 0 0 0 7 0 3 2
0 0 0 6 0 4 0 0 0
7 8 9 3 0 0 0 6 0
2 1 4 0 0 0 8 0 9
0 0 5 7 9 0 2 0 0
0 9 0 0 1 2 3 0 0
7626 0
3 6 0 0 7 9 1 2 0
0 9 0 2 4 0 6 0 5
2 1 4 3 0 0 9 0 0
1 0 0 0 6 0 0 7 0
7 0 0 0 0 2 5 4 6
0 5 6 7 0 8 0 1 3
0 0 8 5 0 0 4 6 2
0 4 0 9 8 7 0 5 0
5 3 1 0 0 4 0 9 8
2885 2
0 0 0 0 0 0 0 2 4
0 0 0 0 0 1 0 3 5
0 4 1 5 3 6 0 0 0
9 0 7 1 0 0 0 0 2
0 0 0 8 9 0 3 5 0
5 0 3 2 0 0 7 0 0
0 3 0 6 0 5 8 0 9
4 6 5 0 7 8 0 0 0
0 9 0 0 0 0 5 4 6
2868 1
2 4 1 0 9 0 0 5 0
0 0 6 0 0 0 0 7 8
0 0 9 3 0 5 1 4 0
0 6 0 1 2 3 0 0 7
0 3 0 7 0 0 5 0 0
7 0 8 0 0 0 2 0 1
0 8 0 0 4 2 3 0 0
5 0 0 0 0 8 4 2 6
0 0 4 5 3 1 0 8 0
9382 0
8 0 0 2 1 0 3 5 6
0 0 5 8 0 7 2 0 1
2 1 4 0 0 0 8 0 0
1 0 3 0 0 6 0 9 8
4 5 0 7 8 9 0 0 0
0 0 0 1 2 3 0 6 5
9 7 0 5 0 0 6 2 0
0 0 1 6 0 2 0 8 7
6 4 0 9 0 8 5 0 3
4960 1
0 8 7 0 6 0 0 0 1
3 0 1 8 9 0 5 0 4
6 0 0 2 0 0 8 9 0
7 0 8 0 0 3 1 0 0
4 1 0 9 0 8 6 0 3
0 6 0 0 0 2 0 7 0
0 0 5 0 8 0 0 2 6
0 0 0 4 2 6 0 0 5
0 4 6 3 0 0 0 8 0
7894 0
0 0 0 8 0 9 5 6 0
7 9 0 5 4 0 0 0 1
4 0 0 2 1 3 0 0 7
0 4 1 0 8 0 6 0 3
3 5 6 1 0 0 0 0 0
8 0 9 0 3 5 1 4 0
9 0 0 4 0 2 3 1 0
5 1 3 0 9 8 4 0 6
0 2 0 3 5 1 0 8 0
549 3
7 9 0 0 0 0 2 0 0
0 0 0 4 1 0 0 0 0
0 0 2 0 0 0 3 0 0
0 0 0 0 3 5 0 8 0
0 7 0 0 0 0 0 1 0
0 0 0 8 0 9 6 2 0
3 0 0 9 8 0 0 0 5
0 0 7 6 0 0 0 0 2
0 5 4 3 0 0 7 0 0
5413 2
0 0 2 6 5 4 0 0 0
0 6 0 0 0 0 1 0 0
0 0 0 3 2 0 4 0 0
6 0 0 0 0 9 0 0 1
5 0 0 0 0 6 0 7 0
0 8 0 0 3 5 0 0 2
0 0 0 7 0 0 0 1 4
0 0 0 0 6 3 8 9 7
8 7 0 4 0 0 0 6 0
4901 1
0 0 8 5 0 0 0 2 1
6 5 0 4 0 1 0 0 9
1 4 0 0 8 9 0 0 6
4 0 6 1 0 0 8 0 0
7 0 0 0 6 0 0 5 3
0 0 0 8 9 7 2 6 0
0 9 7 0 0 5 3 0 0
0 3 1 0 7 8 6 0 0
5 0 0 0 0 0 9 7 0
9292 1
0 0 0 4 2 0 0 5 0
0 3 1 0 8 0 0 0 4
6 4 2 0 1 0 0 0 7
0 5 6 0 0 0 0 7 8
7 8 0 5 0 4 3 0 0
1 0 0 0 9 0 6 0 5
0 0 7 0 0 3 0 0 1
0 6 0 0 0 2 7 8 0
2 0 0 9 0 8 5 0 6
3168 2
3 0 0 0 0 0 4 0 5
9 0 8 0 6 0 1 0 0
6 4 0 0 0 1 0 9 0
0 5 0 7 0 0 6 0 0
0 0 7 0 0 0 5 1 3
2 0 0 3 0 5 9 0 0
0 0 0 0 4 0 0 7 9
4 2 1 0 0 8 0 0 0
0 8 9 0 0 0 0 4 1
